450266679813865482
450266888233156647
448462048595017766
448462627815817219
448463967057084437
458586131009765376
495728479015272450
449185313072480267
465420584067792906
467662647064657944
471126387147931658
471126781823287296
469758295947870231
470423054187626507
471160018503204874
477036573989273600
490103870379393035
474913971904839681
470466069790851082
460114067038928897
460115491139223583
451704926377213952
471173928941912076
452108286679056394
464710426203127808
460332725782708235
461942433672855563
454493544141422604
460333746868977664
460332783286616074
465395312123576320
491096412713517065
494828475371487232
477769745920425984
477771812160274432
470543155612221470
483596625701502977
494822120698675202
494822123253006336
494822124649840650
494822127376269312
494822127405498368
494822127309029396
496668547804692500
494822127233531925
494822124205375498
498108690583519237
496665686748168202
496667849851535370
496667848014430208
452104032757219329